Buy,None,Sell, stringRepresentation
4.376578E-15, 0.997433, 0.002566964, None
3.29241E-13, 0.9999995, 4.964701E-07, None
1.763331E-10, 0.9752628, 0.02473715, None
6.868891E-17, 0.07120056, 0.9287995, Sell
1.658743E-21, 0.9999989, 1.047035E-06, None
2.227821E-17, 9.917382E-06, 0.9999901, Sell
5.104023E-15, 2.216828E-07, 0.9999998, Sell
0.0003749276, 0.3278129, 0.6718122, Sell
1.455151E-16, 4.562223E-08, 0.9999999, Sell
2.941268E-25, 3.570878E-12, 1, Sell
6.489736E-23, 6.109667E-12, 1, Sell
2.660276E-20, 8.348201E-08, 0.9999999, Sell
5.335511E-27, 9.682456E-16, 1, Sell
6.236358E-27, 8.546603E-07, 0.9999992, Sell
1.198071E-17, 0.04567708, 0.9543229, Sell
2.763191E-22, 0.0001604867, 0.9998395, Sell
2.925502E-17, 0.9978397, 0.002160323, None
2.08941E-11, 0.5571354, 0.4428646, None
1.138911E-08, 0.9999995, 5.38251E-07, None
3.83549E-12, 1, 3.550129E-10, None
3.640027E-17, 1, 3.87876E-13, None
3.877275E-16, 0.2664156, 0.7335844, Sell
5.402427E-16, 0.9919709, 0.008029074, None
4.255353E-08, 0.02536866, 0.9746313, Sell
1.807124E-06, 0.9999982, 1.761521E-08, None
1.564618E-14, 0.0003257563, 0.9996743, Sell
1.854814E-07, 0.0004491995, 0.9995506, Sell
1.183786E-11, 0.02200167, 0.9779983, Sell
1.381111E-06, 0.1701324, 0.8298662, Sell
2.220327E-15, 0.9999655, 3.450958E-05, None
4.160257E-15, 0.001115914, 0.9988841, Sell
1.02418E-17, 0.00163584, 0.9983642, Sell
3.56823E-10, 0.3202522, 0.6797479, Sell
1.563045E-15, 0.002629155, 0.9973708, Sell
5.31217E-23, 0.0002267147, 0.9997733, Sell
3.706934E-21, 0.000415335, 0.9995847, Sell
1.029471E-10, 0.9999217, 7.827295E-05, None
2.988852E-16, 0.00616259, 0.9938374, Sell
3.911035E-11, 0.9998062, 0.0001937999, None
1.748077E-17, 0.008127617, 0.9918724, Sell
1.443888E-13, 0.9999356, 6.44344E-05, None
5.547947E-13, 0.9998678, 0.000132188, None
4.182887E-18, 2.346351E-07, 0.9999998, Sell
1.090756E-17, 0.9949958, 0.005004149, None
1.190262E-06, 0.999843, 0.0001557947, None
1.232386E-06, 1.706307E-05, 0.9999817, Sell
8.425188E-05, 0.01015562, 0.9897602, Sell
1.242878E-12, 1.214799E-05, 0.9999878, Sell
8.378786E-07, 0.001475162, 0.998524, Sell
0.0009670244, 0.9990329, 1.045319E-07, None
1.284138E-07, 0.04346501, 0.9565349, Sell
3.219599E-06, 0.9841818, 0.01581502, None
9.325699E-14, 0.003742971, 0.996257, Sell
1.000361E-05, 0.9995937, 0.0003963273, None
0.003459611, 2.637427E-06, 0.9965377, Sell
0.002432294, 0.0009209926, 0.9966467, Sell
4.631594E-12, 8.794173E-05, 0.9999121, Sell
2.83822E-25, 3.400959E-08, 0.9999999, Sell
8.601873E-28, 0.0001678014, 0.9998322, Sell
2.61312E-19, 0.000564051, 0.999436, Sell
4.768642E-24, 2.700782E-09, 1, Sell
1.660682E-24, 7.491041E-12, 1, Sell
2.141885E-23, 5.148796E-14, 1, Sell
6.944983E-21, 5.618677E-15, 1, Sell
1.834915E-16, 5.861545E-12, 1, Sell
6.093591E-17, 1.394783E-13, 1, Sell
7.753252E-18, 3.893993E-13, 1, Sell
1.388789E-23, 2.284074E-14, 1, Sell
2.24375E-17, 1.543148E-06, 0.9999985, Sell
2.174513E-10, 1.430405E-10, 1, Sell
6.328985E-07, 0.003326988, 0.9966724, Sell
0.0001808285, 0.999819, 1.78148E-07, None
0.001178758, 0.9694966, 0.02932464, None
4.572723E-08, 2.911614E-11, 0.9999999, Sell
9.080391E-06, 0.0007021221, 0.9992888, Sell
